Detailed Results by Subject and Dataset:
pipeline                                      CSP + LDA  CSP + SVM Grid  DLCSPauto + shLDA  FgMDM    MDM  TS ElasticNet Grid  Tangent Space LR  Tangent Space SVM Grid
dataset                      subject session                                                                                                                          
BrainBot4000ms-4cls_no_hands 1       0            0.268           0.191              0.282  0.374  0.142               0.308             0.297                   0.270
                             2       0            0.241           0.215              0.200  0.409  0.301               0.369             0.389                   0.382
                             3       0            0.238           0.173              0.238  0.289  0.167               0.366             0.359                   0.372
                                     1            0.269           0.231              0.192  0.426  0.230               0.384             0.361                   0.359
                                     2            0.296           0.268              0.282  0.372  0.296               0.396             0.449                   0.372
                                     3            0.170           0.145              0.145  0.308  0.162               0.445             0.299                   0.376
BrainBot4500ms-4cls_no_hands 1       0            0.243           0.178              0.296  0.388  0.220               0.310             0.336                   0.285
                             2       0            0.220           0.214              0.234  0.423  0.335               0.396             0.382                   0.389
                             3       0            0.224           0.174              0.212  0.353  0.134               0.435             0.391                   0.391
                                     1            0.269           0.282              0.218  0.412  0.229               0.348             0.348                   0.347
                                     2            0.282           0.178              0.268  0.451  0.297               0.485             0.449                   0.384
                                     3            0.154           0.153              0.162  0.325  0.154               0.445             0.341                   0.393
BrainBot5000ms-4cls_no_hands 1       0            0.553           0.408              0.554  0.698  0.384               0.622             0.621                   0.727
                             2       0            0.262           0.234              0.269  0.462  0.262               0.434             0.448                   0.421
                             3       0            0.184           0.230              0.237  0.401  0.158               0.355             0.374                   0.407
                                     1            0.424           0.410              0.372  0.646  0.345               0.661             0.634                   0.568
                                     2            0.408           0.463              0.343  0.659  0.292               0.567             0.553                   0.553
                                     3            0.288           0.288              0.262  0.437  0.088               0.438             0.447                   0.509
==================================================

Detailed Results by Subject and Dataset:
pipeline                                     CSP + LDA  CSP + SVM Grid  DLCSPauto + shLDA  FgMDM    MDM  TS ElasticNet Grid  Tangent Space LR  Tangent Space SVM Grid
dataset                     subject session                                                                                                                          
BrainBot4000ms-4cls_no_feet 1       0            0.256           0.168              0.258  0.244  0.143               0.281             0.207                   0.256
                            2       0            0.233           0.207              0.220  0.360  0.253               0.313             0.333                   0.287
                            3       0            0.167           0.161              0.218  0.263  0.173               0.327             0.321                   0.359
                                    1            0.242           0.228              0.231  0.258  0.193               0.207             0.230                   0.282
                                    2            0.334           0.272              0.348  0.322  0.294               0.372             0.385                   0.347
                                    3            0.239           0.257              0.257  0.317  0.171               0.360             0.299                   0.359
BrainBot4500ms-4cls_no_feet 1       0            0.232           0.143              0.258  0.269  0.194               0.280             0.193                   0.192
                            2       0            0.220           0.220              0.207  0.380  0.287               0.340             0.340                   0.293
                            3       0            0.231           0.218              0.244  0.315  0.173               0.347             0.340                   0.365
                                    1            0.204           0.293              0.217  0.295  0.192               0.193             0.218                   0.270
                                    2            0.334           0.243              0.361  0.336  0.282               0.348             0.398                   0.334
                                    3            0.231           0.299              0.223  0.317  0.180               0.437             0.308                   0.334
BrainBot5000ms-4cls_no_feet 1       0            0.373           0.400              0.348  0.527  0.333               0.501             0.463                   0.541
                            2       0            0.193           0.193              0.160  0.413  0.260               0.367             0.447                   0.400
                            3       0            0.212           0.250              0.224  0.347  0.148               0.315             0.378                   0.410
                                    1            0.334           0.435              0.322  0.566  0.307               0.539             0.514                   0.538
                                    2            0.475           0.487              0.463  0.693  0.333               0.552             0.563                   0.642
                                    3            0.316           0.316              0.308  0.468  0.145               0.504             0.461                   0.504
==================================================